1 0.729987 0.566110 0.037910 0.059620
1 0.297672 0.399810 0.097989 0.056380
1 0.428122 0.522580 0.082487 0.081720
1 0.630648 0.654550 0.059815 0.050340
1 0.729643 0.469230 0.076799 0.066660
1 0.287831 0.547310 0.069418 0.068220
1 0.394696 0.673390 0.026640 0.043060
1 0.891243 0.461120 0.050265 0.047920
1 0.599603 0.399560 0.084762 0.072000
1 0.600251 0.747270 0.070238 0.061540
1 0.790384 0.592700 0.050661 0.062320
1 0.792976 0.695380 0.055529 0.077160
1 0.140635 0.710660 0.077090 0.056080
1 0.230159 0.732000 0.402116 0.368000
