1 0.717383 0.659941 0.009016 0.025316
0 0.270891 0.529567 0.019031 0.052763
0 0.299266 0.497471 0.024219 0.111054
0 0.896828 0.561792 0.039000 0.186019
0 0.749789 0.461440 0.021297 0.092389
0 0.161414 0.494660 0.029703 0.144543
0 0.100789 0.425878 0.021422 0.084778
0 0.847023 0.475562 0.030391 0.091967
0 0.827820 0.469415 0.024172 0.094426
0 0.767758 0.458817 0.017422 0.087939
0 0.226070 0.587014 0.061641 0.229672
0 0.379797 0.458197 0.024938 0.102295
0 0.174437 0.485222 0.017813 0.113958
0 0.797219 0.462963 0.018625 0.081663
0 0.536719 0.451991 0.564063 0.140515
