1 0.461711 0.584266 0.374047 0.475804
0 0.257828 0.338205 0.084844 0.222471
0 0.331937 0.287925 0.074344 0.166340
0 0.210531 0.338030 0.034094 0.097879
0 0.014773 0.443415 0.023391 0.094942
0 0.165078 0.416200 0.025656 0.081492
0 0.149602 0.418485 0.014453 0.079953
0 0.447344 0.368963 0.014656 0.040443
0 0.032586 0.389033 0.013578 0.029441
0 0.417789 0.364394 0.013703 0.031492
0 0.090578 0.383147 0.012219 0.032774
0 0.059266 0.438718 0.024969 0.099720
0 0.558680 0.345897 0.009359 0.013240
0 0.178984 0.412191 0.012094 0.061445
0 0.254688 0.385781 0.493750 0.076923
