0 0.474078 0.654124 0.034000 0.111005
0 0.360461 0.756098 0.067422 0.112664
0 0.429984 0.666811 0.035562 0.068014
0 0.621336 0.729206 0.044484 0.087056
0 0.662453 0.722477 0.042281 0.083271
0 0.593734 0.706624 0.040406 0.065771
0 0.685406 0.733586 0.049406 0.085724
0 0.554164 0.730993 0.057109 0.087079
0 0.906609 0.660689 0.023031 0.090164
0 0.496461 0.646671 0.021078 0.078949
0 0.948359 0.693680 0.033062 0.134322
0 0.986109 0.649895 0.018594 0.115023
0 0.434648 0.746904 0.059109 0.266659
0 0.499219 0.761682 0.998437 0.471963
