1 0.856516 0.648172 0.066156 0.045208
1 0.790031 0.878920 0.087250 0.058837
1 0.697648 0.854058 0.063766 0.055429
1 0.522102 0.672521 0.013703 0.015180
1 0.420578 0.847091 0.104187 0.109141
1 0.241430 0.856053 0.061078 0.043795
1 0.233055 0.865512 0.088984 0.078892
1 0.859180 0.877465 0.037922 0.052548
1 0.601734 0.665762 0.039750 0.037507
1 0.556188 0.746801 0.025344 0.015928
1 0.331320 0.626690 0.016578 0.028006
1 0.389422 0.598296 0.013000 0.024626
1 0.454523 0.587438 0.011641 0.029668
1 0.481164 0.575319 0.011078 0.015568
1 0.515312 0.873158 0.076281 0.070194
1 0.542523 0.573795 0.014578 0.036953
1 0.689906 0.315222 0.083781 0.050499
1 0.475828 0.167216 0.011375 0.023352
1 0.485156 0.473684 0.967187 0.891967
