1 0.444516 0.765590 0.122531 0.163443
1 0.409922 0.685130 0.108375 0.154458
1 0.549680 0.662807 0.198703 0.214245
1 0.435367 0.628939 0.079141 0.079858
0 0.126445 0.563349 0.027984 0.070047
0 0.153484 0.581733 0.035031 0.117335
1 0.476266 0.683349 0.057750 0.091321
0 0.036031 0.557854 0.020844 0.100142
0 0.091742 0.527264 0.010859 0.041981
0 0.080750 0.520472 0.009719 0.023491
1 0.335625 0.690590 0.096844 0.080283
0 0.112773 0.530802 0.018609 0.036226
1 0.536555 0.720472 0.104734 0.108113
0 0.054461 0.568691 0.022453 0.089646
