0 0.588336 0.686083 0.077828 0.216458
0 0.325031 0.695594 0.262219 0.608813
0 0.487508 0.546740 0.068078 0.167854
0 0.534812 0.535021 0.065656 0.155917
0 0.118820 0.439323 0.075828 0.128104
0 0.185516 0.319188 0.050312 0.110167
0 0.286914 0.322563 0.056234 0.107125
0 0.809836 0.246063 0.042141 0.096625
0 0.888062 0.468854 0.047219 0.146208
0 0.359391 0.252344 0.048406 0.088021
0 0.828328 0.373375 0.031125 0.085500
0 0.602687 0.328490 0.050406 0.146313
0 0.671898 0.314542 0.046047 0.092083
0 0.498437 0.358333 0.993750 0.679167
