0 0.681047 0.542594 0.178250 0.434979
0 0.524617 0.604354 0.190922 0.319333
0 0.818195 0.330302 0.107859 0.133437
0 0.605016 0.320740 0.067063 0.120063
0 0.733148 0.031458 0.084266 0.062917
0 0.407023 0.300000 0.102797 0.123583
0 0.681539 0.325083 0.081578 0.110542
0 0.538484 0.017979 0.072469 0.035958
0 0.267133 0.515729 0.143266 0.397750
0 0.915797 0.039667 0.071594 0.078708
0 0.982266 0.405188 0.030937 0.045625
0 0.539141 0.322042 0.062312 0.101250
0 0.140734 0.148281 0.068156 0.295646
0 0.669531 0.277083 0.642188 0.554167
