0 0.347070 0.868724 0.057922 0.262553
0 0.147672 0.510855 0.038344 0.141756
0 0.194055 0.930082 0.054078 0.138899
0 0.196617 0.832213 0.057047 0.159133
0 0.290180 0.860222 0.079328 0.122646
0 0.594867 0.226616 0.014453 0.028080
0 0.209938 0.508396 0.029156 0.126159
0 0.684172 0.229309 0.012156 0.038103
0 0.123781 0.489637 0.026406 0.124145
0 0.451180 0.801452 0.063891 0.217237
0 0.189383 0.688653 0.052047 0.105082
0 0.351352 0.505738 0.035266 0.089930
0 0.306570 0.658513 0.016641 0.120773
0 0.521875 0.599532 0.868750 0.796253
