1 0.726766 0.579059 0.034219 0.105387
1 0.424008 0.568003 0.056891 0.075129
1 0.562695 0.584974 0.050453 0.090722
1 0.597125 0.584948 0.015656 0.064536
1 0.934203 0.587732 0.033563 0.061753
1 0.955695 0.596469 0.013078 0.046804
0 0.766992 0.694111 0.071828 0.128737
0 0.730844 0.696198 0.036906 0.092294
0 0.167187 0.679575 0.063813 0.326160
0 0.524422 0.629201 0.035562 0.066856
0 0.901523 0.678286 0.041266 0.210851
0 0.871562 0.665928 0.038250 0.151031
0 0.723516 0.551843 0.035344 0.094149
0 0.465781 0.605928 0.022094 0.097732
0 0.566648 0.545374 0.023328 0.058376
0 0.561727 0.718918 0.066609 0.198299
0 0.585258 0.541637 0.017328 0.044149
0 0.698656 0.683750 0.045500 0.105180
0 0.133180 0.609497 0.028484 0.119356
1 0.677523 0.571817 0.031359 0.054046
0 0.488281 0.752577 0.976562 0.489691
