0 0.708711 0.583146 0.294953 0.649458
0 0.604211 0.514760 0.106172 0.089896
0 0.248508 0.589813 0.175359 0.717375
0 0.395664 0.457667 0.091266 0.113958
0 0.492531 0.468896 0.056375 0.055250
0 0.516375 0.436115 0.111750 0.129604
0 0.449500 0.342885 0.088094 0.123896
0 0.379477 0.339354 0.056234 0.104083
0 0.360914 0.405604 0.075391 0.133333
0 0.392625 0.152052 0.082344 0.253813
0 0.932305 0.470906 0.087859 0.094021
0 0.304508 0.407438 0.046078 0.123542
0 0.304984 0.356885 0.051969 0.093271
0 0.507812 0.261458 0.981250 0.522917
