1 0.222320 0.707280 0.186840 0.257760
1 0.529720 0.718627 0.113600 0.249840
1 0.250310 0.766987 0.097500 0.168160
1 0.731880 0.553787 0.018520 0.019200
1 0.581490 0.558507 0.017140 0.015040
1 0.532050 0.567387 0.008620 0.015147
1 0.816950 0.536867 0.014540 0.013413
1 0.796780 0.537413 0.006440 0.012747
1 0.799160 0.525400 0.008200 0.009467
1 0.840930 0.527000 0.007220 0.006693
1 0.866420 0.511720 0.005840 0.005840
1 0.938910 0.540640 0.012340 0.010293
1 0.215770 0.561160 0.009540 0.010160
1 0.973580 0.523067 0.015960 0.009440
1 0.890100 0.517280 0.009600 0.006293
1 0.920530 0.526253 0.011500 0.008507
1 0.679000 0.541333 0.530000 0.064000
