0 0.915977 0.548235 0.168047 0.458244
0 0.853898 0.549852 0.149922 0.450203
0 0.745203 0.582939 0.098156 0.400591
0 0.376477 0.368050 0.063297 0.254399
0 0.285531 0.282588 0.057625 0.191830
0 0.230742 0.280536 0.056484 0.202588
0 0.159719 0.276174 0.055312 0.168133
0 0.616414 0.538198 0.081672 0.375287
0 0.062477 0.246479 0.053078 0.202421
0 0.570750 0.506275 0.087094 0.374104
0 0.680055 0.503817 0.104422 0.347190
0 0.609875 0.361063 0.044906 0.087449
0 0.760750 0.343087 0.057594 0.066765
0 0.246875 0.270795 0.493750 0.231054
