0 0.417699 0.595141 0.259089 0.529906
0 0.872325 0.394867 0.146145 0.191328
0 0.973364 0.375977 0.053271 0.152891
0 0.476320 0.314922 0.114509 0.092969
0 0.689451 0.280234 0.134883 0.119312
0 0.602547 0.377617 0.147570 0.215672
0 0.312395 0.284672 0.123528 0.125188
0 0.171928 0.260609 0.119836 0.085219
0 0.710829 0.384055 0.187827 0.201641
0 0.679603 0.152313 0.131355 0.147500
0 0.598026 0.224086 0.159229 0.144703
0 0.236530 0.220922 0.135958 0.167219
0 0.929182 0.171195 0.125140 0.167953
0 0.500000 0.227344 0.995327 0.454688
