0 0.526875 0.612333 0.076563 0.256333
0 0.627078 0.556594 0.063438 0.161563
0 0.639531 0.504906 0.017281 0.042146
0 0.706898 0.482833 0.009484 0.024542
0 0.892414 0.564042 0.112922 0.188750
0 0.412344 0.700615 0.127094 0.455687
0 0.792578 0.594604 0.077938 0.179750
0 0.951227 0.580198 0.030547 0.128646
0 0.089008 0.702833 0.116453 0.272958
0 0.683859 0.602365 0.047594 0.224937
0 0.024070 0.609875 0.040734 0.345667
0 0.583336 0.509802 0.040047 0.091979
0 0.490430 0.502260 0.018078 0.035437
0 0.506250 0.702083 0.984375 0.591667
