1 0.458828 0.522469 0.153562 0.125146
1 0.290680 0.531042 0.041516 0.063000
1 0.602531 0.521344 0.150000 0.121354
1 0.119914 0.537990 0.115859 0.139563
1 0.666586 0.507802 0.172297 0.115521
1 0.839984 0.515062 0.103125 0.117625
1 0.969289 0.534490 0.061422 0.085146
1 0.410391 0.516094 0.131750 0.162979
1 0.923992 0.508958 0.088484 0.117000
1 0.772805 0.505594 0.036453 0.114188
1 0.505898 0.470458 0.025609 0.022292
1 0.731539 0.477281 0.036672 0.038937
1 0.835836 0.462375 0.030891 0.019708
1 0.435937 0.497917 0.781250 0.166667
