1 0.445664 0.687397 0.023109 0.027300
1 0.372039 0.689325 0.016578 0.024270
1 0.331961 0.681501 0.018297 0.027906
1 0.566422 0.699945 0.017438 0.033388
1 0.690758 0.685455 0.019734 0.024353
1 0.761125 0.684780 0.011688 0.033691
1 0.493688 0.661006 0.013563 0.016391
1 0.492062 0.637906 0.008063 0.008650
1 0.428117 0.649077 0.006734 0.015785
1 0.466266 0.644669 0.010438 0.010771
1 0.554570 0.696777 0.014484 0.024793
1 0.579359 0.688678 0.013281 0.024353
1 0.630023 0.650702 0.010641 0.012259
1 0.539062 0.644628 0.171875 0.033058
