1 0.624937 0.875306 0.026344 0.050706
1 0.660492 0.865259 0.020953 0.052353
1 0.423695 0.950871 0.045953 0.041882
1 0.306305 0.931282 0.034109 0.039318
1 0.578180 0.845282 0.027516 0.036165
0 0.473312 0.557965 0.040281 0.224965
0 0.173336 0.609471 0.050672 0.222047
0 0.765023 0.620494 0.037391 0.191435
0 0.809789 0.555141 0.042234 0.067459
0 0.821922 0.505988 0.014000 0.028071
0 0.781266 0.504365 0.005625 0.018282
0 0.034609 0.518965 0.035563 0.160047
1 0.493437 0.865282 0.019031 0.051553
0 0.512930 0.757035 0.115484 0.485929
