1 0.319602 0.364058 0.114016 0.142964
1 0.592633 0.074349 0.064422 0.090526
1 0.187617 0.556704 0.134016 0.272133
1 0.548898 0.332258 0.052172 0.161302
1 0.291734 0.426884 0.110375 0.251607
1 0.605484 0.311551 0.126687 0.114460
1 0.389812 0.277244 0.106437 0.112105
1 0.418516 0.131898 0.061594 0.109224
1 0.371844 0.180956 0.038656 0.143463
1 0.200570 0.356440 0.089234 0.155374
1 0.835430 0.580069 0.329141 0.471884
1 0.652172 0.240596 0.059844 0.106842
1 0.693312 0.184183 0.092844 0.092078
1 0.577562 0.207535 0.050063 0.093241
1 0.426563 0.380886 0.640625 0.722992
