0 0.569664 0.370406 0.104484 0.323604
0 0.444625 0.360875 0.128969 0.263333
0 0.885188 0.621615 0.122719 0.170354
0 0.593633 0.589385 0.119453 0.191938
0 0.744945 0.697750 0.188766 0.294375
0 0.741422 0.574313 0.140125 0.143792
0 0.562922 0.753938 0.320219 0.438208
0 0.942414 0.880906 0.115172 0.215729
0 0.814047 0.908990 0.148312 0.159563
0 0.934711 0.679115 0.130578 0.204437
0 0.264906 0.666781 0.212750 0.310063
0 0.391891 0.597115 0.129750 0.212479
0 0.092500 0.635052 0.149719 0.204813
0 0.357031 0.705208 0.714063 0.585417
