1 0.405953 0.478176 0.025719 0.045812
1 0.327547 0.499106 0.034219 0.053976
1 0.269047 0.501153 0.048813 0.065882
1 0.051602 0.531012 0.079734 0.076659
0 0.858703 0.593753 0.220406 0.689671
0 0.421703 0.464518 0.024469 0.103482
1 0.297719 0.498259 0.030531 0.054071
1 0.349836 0.488812 0.024578 0.039176
1 0.213398 0.510600 0.057984 0.072306
1 0.382563 0.471882 0.022562 0.053553
1 0.461289 0.464988 0.016016 0.047247
1 0.442453 0.470082 0.029437 0.054094
1 0.325695 0.474224 0.029453 0.020776
1 0.316578 0.463765 0.036625 0.019106
1 0.300211 0.461741 0.018297 0.008753
1 0.362500 0.381176 0.718750 0.305882
