1 0.755250 0.712500 0.112500 0.218250
1 0.753875 0.712688 0.112844 0.219054
1 0.557703 0.740402 0.104281 0.224232
0 0.529914 0.569661 0.139609 0.523607
0 0.672469 0.552804 0.149437 0.570786
0 0.075703 0.576402 0.127812 0.519089
0 0.411945 0.534554 0.060422 0.227286
0 0.351430 0.513741 0.067328 0.197018
0 0.818023 0.513241 0.062109 0.225875
0 0.915305 0.510527 0.054484 0.223875
0 0.869258 0.496134 0.042766 0.157232
0 0.783445 0.482063 0.050484 0.195625
0 0.951531 0.450321 0.033875 0.153357
0 0.760008 0.462973 0.030172 0.164161
0 0.869719 0.412071 0.041375 0.087964
