1 0.573430 0.816854 0.258547 0.343835
0 0.568406 0.636515 0.108500 0.162521
0 0.714039 0.451684 0.090172 0.182903
0 0.371148 0.559364 0.084828 0.131144
0 0.185359 0.517278 0.047781 0.080784
0 0.131781 0.553612 0.032781 0.102648
0 0.058750 0.553750 0.068531 0.084534
0 0.502297 0.528379 0.076344 0.101038
1 0.745273 0.676123 0.097359 0.139195
1 0.819195 0.706600 0.062203 0.133919
1 0.854594 0.763898 0.102219 0.288008
0 0.477641 0.613761 0.041406 0.152309
0 0.290836 0.552023 0.056734 0.097818
0 0.424680 0.582956 0.040141 0.100911
0 0.935375 0.540763 0.053781 0.121314
1 0.641328 0.653273 0.076469 0.064555
0 0.985297 0.511112 0.029406 0.069131
0 0.233828 0.520307 0.057813 0.091886
0 0.499219 0.570975 0.998437 0.252119
