1 0.398633 0.764217 0.154047 0.471565
1 0.597148 0.762523 0.148922 0.453972
0 0.406000 0.507722 0.209000 0.461332
0 0.598914 0.514673 0.185328 0.517196
0 0.732492 0.736881 0.095828 0.399369
0 0.848711 0.743598 0.121672 0.480280
0 0.946680 0.730175 0.106641 0.539650
0 0.111563 0.552547 0.012062 0.055514
0 0.683859 0.595876 0.046375 0.150257
0 0.506148 0.576168 0.020484 0.099393
0 0.131156 0.558306 0.026219 0.084182
0 0.265742 0.627114 0.077016 0.200070
0 0.074023 0.546460 0.011766 0.055818
0 0.776352 0.727874 0.048422 0.284953
0 0.083523 0.547383 0.014172 0.067336
0 0.367188 0.538551 0.668750 0.091121
