0 0.708141 0.579461 0.027531 0.102951
0 0.709172 0.659403 0.022813 0.126487
0 0.730477 0.655070 0.021141 0.128407
0 0.540641 0.391885 0.031656 0.049485
0 0.771469 0.622225 0.029000 0.159906
0 0.807203 0.609485 0.038687 0.130023
0 0.785672 0.567787 0.012375 0.083068
0 0.833859 0.598595 0.038500 0.154286
0 0.723742 0.564766 0.012953 0.059368
0 0.893336 0.609543 0.029297 0.165129
0 0.914625 0.603372 0.028531 0.173770
0 0.543461 0.563888 0.045172 0.065574
0 0.958437 0.515831 0.018031 0.049555
0 0.566406 0.539813 0.382812 0.367681
