0 0.253648 0.544937 0.133141 0.564042
0 0.300602 0.432563 0.041078 0.168250
0 0.387688 0.385094 0.055750 0.114438
0 0.449508 0.371417 0.060859 0.137792
0 0.503555 0.395875 0.038547 0.080708
0 0.532969 0.398292 0.036031 0.115958
0 0.613672 0.455042 0.062031 0.277875
0 0.653773 0.435937 0.056484 0.256208
0 0.725305 0.440833 0.073953 0.281375
0 0.813117 0.437260 0.056797 0.101688
0 0.822539 0.385573 0.036078 0.082188
0 0.789992 0.457198 0.044922 0.084688
0 0.166961 0.421677 0.072078 0.132271
0 0.483594 0.430208 0.967187 0.272917
