0 0.331180 0.508990 0.662359 0.586521
0 0.609891 0.329646 0.093250 0.152333
0 0.411734 0.240531 0.083063 0.248854
0 0.823805 0.173542 0.021078 0.047917
0 0.875672 0.164031 0.018562 0.054479
0 0.807742 0.267250 0.106891 0.216500
0 0.048992 0.221500 0.097984 0.243125
0 0.727055 0.368406 0.108297 0.187146
0 0.348922 0.201073 0.032563 0.055771
0 0.666109 0.196958 0.081500 0.169833
0 0.718914 0.202917 0.036797 0.171000
0 0.214250 0.251885 0.044938 0.105146
0 0.170195 0.166958 0.031797 0.113083
0 0.529687 0.216667 0.925000 0.279167
