0 0.185320 0.560327 0.179859 0.611682
0 0.725156 0.433505 0.011500 0.041729
0 0.754922 0.432769 0.015031 0.038201
0 0.561781 0.546273 0.193000 0.796425
0 0.945055 0.410105 0.010422 0.055864
0 0.967500 0.385292 0.013406 0.024603
0 0.717305 0.441028 0.006953 0.023598
0 0.746789 0.435362 0.006922 0.019416
0 0.473641 0.486565 0.029406 0.186682
0 0.035836 0.524019 0.031422 0.164112
0 0.654687 0.440724 0.013750 0.037570
0 0.352617 0.568820 0.170234 0.753248
0 0.690484 0.435572 0.014250 0.042453
0 0.732031 0.432243 0.148438 0.046729
