0 0.304167 0.884711 0.131389 0.119328
0 0.396431 0.892406 0.087750 0.118313
0 0.977153 0.877430 0.045694 0.145484
0 0.694639 0.883062 0.085833 0.083250
0 0.861847 0.882750 0.093639 0.131687
0 0.952264 0.891062 0.063194 0.139469
0 0.044097 0.894063 0.084972 0.211875
0 0.112333 0.895336 0.074222 0.126953
0 0.193847 0.853727 0.053917 0.052797
1 0.756722 0.418602 0.023056 0.009797
0 0.518625 0.890633 0.077083 0.111047
0 0.778458 0.837117 0.007806 0.012016
0 0.089653 0.859727 0.030750 0.042703
0 0.151542 0.883648 0.077861 0.108266
0 0.519444 0.764844 0.822222 0.426563
