0 0.126578 0.875396 0.030844 0.124583
0 0.165187 0.865667 0.049125 0.110083
0 0.313008 0.833365 0.041141 0.104729
0 0.366859 0.787677 0.030531 0.036104
0 0.374133 0.863990 0.047891 0.069396
0 0.921641 0.511885 0.025656 0.105187
0 0.898984 0.510625 0.020656 0.104500
0 0.365336 0.830365 0.035641 0.096188
0 0.223156 0.854156 0.040906 0.122229
0 0.200617 0.809760 0.020672 0.059646
0 0.426359 0.861083 0.038969 0.053833
0 0.454469 0.864229 0.025812 0.024708
0 0.279992 0.907917 0.039859 0.059042
0 0.574219 0.696875 0.523438 0.447917
