1 0.502422 0.711469 0.591938 0.554854
1 0.810484 0.685667 0.379031 0.473125
1 0.918719 0.356333 0.161844 0.097792
1 0.490773 0.361510 0.323828 0.114104
1 0.393789 0.392979 0.437891 0.129917
1 0.083188 0.471115 0.165813 0.101729
0 0.208750 0.268562 0.077625 0.138625
0 0.142367 0.227729 0.070672 0.163917
0 0.383867 0.251271 0.057891 0.227333
0 0.499914 0.257750 0.050641 0.148375
0 0.074000 0.167646 0.043469 0.191000
0 0.142422 0.285396 0.075844 0.170792
0 0.984078 0.210094 0.029687 0.111604
0 0.047703 0.155063 0.028063 0.175542
1 0.155141 0.451542 0.308812 0.124500
1 0.151633 0.353948 0.275109 0.125188
1 0.886578 0.308896 0.226844 0.087125
1 0.167695 0.704490 0.335391 0.451688
0 0.763305 0.106823 0.031141 0.072646
0 0.119625 0.134260 0.041219 0.099646
0 0.023594 0.215729 0.047188 0.211250
0 0.939258 0.827906 0.121484 0.341979
1 0.887375 0.435969 0.224906 0.140938
1 0.980016 0.471302 0.039969 0.069896
0 0.100883 0.110573 0.029547 0.066021
1 0.728000 0.383479 0.258625 0.160542
1 0.460156 0.437500 0.914062 0.225000
