1 0.517898 0.824766 0.156109 0.252295
1 0.863758 0.855913 0.172172 0.245176
1 0.755430 0.692482 0.144922 0.202155
1 0.945305 0.632576 0.085453 0.096628
1 0.148492 0.484614 0.060453 0.078314
1 0.026391 0.393326 0.047313 0.120187
1 0.614711 0.457307 0.041984 0.110117
1 0.150492 0.557482 0.041016 0.152529
1 0.126523 0.293302 0.045609 0.058923
1 0.447477 0.447728 0.046078 0.083232
1 0.044734 0.228138 0.037969 0.043958
1 0.550258 0.573911 0.080484 0.180656
1 0.660836 0.667658 0.068453 0.117002
1 0.219414 0.440246 0.082266 0.126159
1 0.557078 0.338255 0.043375 0.059461
1 0.232813 0.370023 0.462500 0.721311
