1 0.855055 0.706375 0.031328 0.082375
1 0.515625 0.532323 0.013719 0.041146
1 0.555594 0.537385 0.019781 0.039563
1 0.596938 0.541458 0.021094 0.037125
1 0.549734 0.463125 0.006844 0.010667
1 0.503094 0.482521 0.010156 0.018833
1 0.426969 0.475885 0.016500 0.019146
1 0.627437 0.542500 0.019656 0.029958
1 0.630258 0.519469 0.011203 0.009854
1 0.571289 0.538813 0.013516 0.038792
1 0.492609 0.529010 0.025906 0.049438
1 0.521078 0.447698 0.016219 0.013146
1 0.479258 0.448865 0.008297 0.008979
1 0.425727 0.429635 0.009141 0.008188
1 0.408234 0.417396 0.004156 0.004958
1 0.478188 0.413646 0.003688 0.012708
1 0.645945 0.543010 0.021484 0.042979
1 0.454039 0.483583 0.008484 0.018167
1 0.612344 0.540417 0.013281 0.037542
1 0.493750 0.476042 0.309375 0.156250
